Time [d] (1.col)    z [m] (1.row)    Absorption [m-1] (rest)
1
-1         0.0
    1.0000 0.642
   14.0000 0.642
   45.0000 0.475
   73.0000 0.541
  104.0000 0.609
  134.0000 0.594
  165.0000 0.570
  195.0000 0.751
  226.0000 0.890
  257.0000 0.614
  287.0000 0.441
  318.0000 0.381
  348.0000 0.414
  379.0000 0.642
  410.0000 0.475
  438.0000 0.541
  469.0000 0.609
  499.0000 0.594
  530.0000 0.570
  560.0000 0.751
  591.0000 0.890
  622.0000 0.614
  652.0000 0.441
  683.0000 0.381
  713.0000 0.414
  744.0000 0.642
  775.0000 0.475
  803.0000 0.541
  834.0000 0.609
  864.0000 0.594
  895.0000 0.570
  925.0000 0.751
  956.0000 0.890
  987.0000 0.614
 1017.0000 0.441
 1048.0000 0.381
 1078.0000 0.414
 1109.0000 0.642
 1140.0000 0.475
 1169.0000 0.541
 1200.0000 0.609
 1230.0000 0.594
 1261.0000 0.570
 1291.0000 0.751
 1322.0000 0.890
 1353.0000 0.614
 1383.0000 0.441
 1414.0000 0.381
 1444.0000 0.414
 1475.0000 0.642
 1506.0000 0.475
 1534.0000 0.541
 1565.0000 0.609
 1595.0000 0.594
 1626.0000 0.570
 1656.0000 0.751
 1687.0000 0.890
 1718.0000 0.614
 1748.0000 0.441
 1779.0000 0.381
 1809.0000 0.414
 1840.0000 0.642
 1871.0000 0.475
 1899.0000 0.541
 1930.0000 0.609
 1960.0000 0.594
 1991.0000 0.570
 2021.0000 0.751
 2052.0000 0.890
 2083.0000 0.614
 2113.0000 0.441
 2144.0000 0.381
 2174.0000 0.414
 2205.0000 0.642
 2236.0000 0.475
 2264.0000 0.541
 2295.0000 0.609
 2325.0000 0.594
 2356.0000 0.570
 2386.0000 0.751
 2417.0000 0.890
 2448.0000 0.614
 2478.0000 0.441
 2509.0000 0.381
 2539.0000 0.414
 2570.0000 0.642
 2601.0000 0.475
 2630.0000 0.541
 2661.0000 0.609
 2691.0000 0.594
 2722.0000 0.570
 2752.0000 0.751
 2783.0000 0.890
 2814.0000 0.614
 2844.0000 0.441
 2875.0000 0.381
 2905.0000 0.414
 2936.0000 0.642
 2967.0000 0.475
 2995.0000 0.541
 3026.0000 0.609
 3056.0000 0.594
 3087.0000 0.570
 3117.0000 0.751
 3148.0000 0.890
 3179.0000 0.614
 3209.0000 0.441
 3240.0000 0.381
 3270.0000 0.414
 3301.0000 0.642
 3332.0000 0.475
 3360.0000 0.541
 3391.0000 0.609
 3421.0000 0.594
 3452.0000 0.570
 3482.0000 0.751
 3513.0000 0.890
 3544.0000 0.614
 3574.0000 0.441
 3605.0000 0.381
 3635.0000 0.414
 3666.0000 0.642
 3697.0000 0.475
 3725.0000 0.541
 3756.0000 0.609
 3786.0000 0.594
 3817.0000 0.570
 3847.0000 0.751
 3878.0000 0.890
 3909.0000 0.614
 3939.0000 0.441
 3970.0000 0.381
 4000.0000 0.414
 4031.0000 0.642
 4062.0000 0.475
 4091.0000 0.541
 4122.0000 0.609
 4152.0000 0.594
 4183.0000 0.570
 4213.0000 0.751
 4244.0000 0.890
 4275.0000 0.614
 4305.0000 0.441
 4336.0000 0.381
 4366.0000 0.414
 4397.0000 0.642
 4428.0000 0.475
 4456.0000 0.541
 4487.0000 0.609
 4517.0000 0.594
 4548.0000 0.570
 4578.0000 0.751
 4609.0000 0.890
 4640.0000 0.614
 4670.0000 0.441
 4701.0000 0.381
 4731.0000 0.414
 4762.0000 0.642
 4793.0000 0.475
 4821.0000 0.541
 4852.0000 0.609
 4882.0000 0.594
 4913.0000 0.570
 4943.0000 0.751
 4974.0000 0.890
 5005.0000 0.614
 5035.0000 0.441
 5066.0000 0.381
 5096.0000 0.414
 5127.0000 0.642
 5158.0000 0.475
 5186.0000 0.541
 5217.0000 0.609
 5247.0000 0.594
 5278.0000 0.570
 5308.0000 0.751
 5339.0000 0.890
 5370.0000 0.614
 5400.0000 0.441
 5431.0000 0.381
 5461.0000 0.414
 5492.0000 0.642
 5523.0000 0.475
 5552.0000 0.541
 5583.0000 0.609
 5613.0000 0.594
 5644.0000 0.570
 5674.0000 0.751
 5705.0000 0.890
 5736.0000 0.614
 5766.0000 0.441
 5797.0000 0.381
 5827.0000 0.414
 5858.0000 0.642
 5889.0000 0.475
 5917.0000 0.541
 5948.0000 0.609
 5978.0000 0.594
 6009.0000 0.570
 6039.0000 0.751
 6070.0000 0.890
 6101.0000 0.614
 6131.0000 0.441
 6162.0000 0.381
 6192.0000 0.414
 6223.0000 0.642
 6254.0000 0.475
 6282.0000 0.541
 6313.0000 0.609
 6343.0000 0.594
 6374.0000 0.570
 6404.0000 0.751
 6435.0000 0.890
 6466.0000 0.614
 6496.0000 0.441
 6527.0000 0.381
 6557.0000 0.414
 6588.0000 0.642
 6593.5000 0.327
 6619.0000 0.475
 6633.5000 1.308
 6647.0000 0.541
 6662.5000 0.531
 6678.0000 0.609
 6684.5000 0.531
 6704.5000 0.850
 6708.0000 0.594
 6739.0000 0.570
 6742.5000 0.340
 6769.0000 0.751
 6774.5000 0.680
 6800.0000 0.890
 6803.5000 0.680
 6831.0000 0.614
 6831.5000 0.654
 6851.5000 0.486
 6861.0000 0.441
 6889.5000 0.472
 6892.0000 0.381
 6922.0000 0.414
 6922.5000 0.567
 6953.0000 0.642
 6957.5000 0.378
 6984.0000 0.475
 6990.5000 0.680
 7013.0000 0.541
 7019.5000 0.567
 7044.0000 0.609
 7048.5000 0.773
 7074.0000 0.594
 7076.5000 0.283
 7105.0000 0.570
 7116.5000 0.531
 7135.0000 0.751
 7145.5000 0.895
 7166.0000 0.890
 7167.5000 0.607
 7197.0000 0.614
 7202.5000 0.773
 7221.5000 0.567
 7227.0000 0.441
 7256.5000 0.378
 7258.0000 0.381
 7279.5000 0.283
 7288.0000 0.414
 7319.0000 0.642
 7321.5000 0.654
 7350.0000 0.475
 7355.5000 0.486
 7378.0000 0.541
 7390.5000 1.133
 7409.0000 0.609
 7419.5000 0.607
 7439.0000 0.594
 7453.5000 0.486
 7470.0000 0.570
 7482.5000 0.425
 7500.0000 0.751
 7510.5000 1.417
 7531.0000 0.890
 7537.5000 1.308
 7562.0000 0.614
 7568.5000 0.472
 7592.0000 0.441
 7593.5000 0.586
 7623.0000 0.381
 7629.5000 0.362
 7641.5000 0.243
 7653.0000 0.414
 7684.0000 0.642
 7692.5000 0.283
 7715.0000 0.475
 7727.5000 0.425
 7743.0000 0.541
 7755.5000 0.447
 7774.0000 0.609
 7776.5000 0.773
 7802.5000 0.944
 7804.0000 0.594
 7835.0000 0.570
 7837.5000 1.000
 7865.0000 0.751
 7872.5000 1.062
 7896.0000 0.890
 7900.5000 0.654
 7927.0000 0.614
 7929.5000 0.395
 7957.0000 0.441
 7959.5000 0.378
 7988.0000 0.381
 7993.5000 0.340
 8018.0000 0.414
 8021.5000 0.515
 8049.0000 0.642
 8057.5000 0.333
 8080.0000 0.475
 8083.5000 0.395
 8108.0000 0.541
 8113.5000 0.447
 8139.0000 0.609
 8140.5000 0.567
 8169.0000 0.594
 8169.5000 1.214
 8197.5000 0.607
 8200.0000 0.570
 8216.5000 0.630
 8230.0000 0.751
 8259.5000 0.739
 8261.0000 0.890
 8281.5000 0.739
 8292.0000 0.614
 8322.0000 0.441
 8323.5000 0.447
 8351.5000 0.333
 8353.0000 0.381
 8377.5000 0.378
 8383.0000 0.414
 8414.0000 0.642
 8414.5000 0.515
 8445.0000 0.475
 8448.5000 0.630
 8474.0000 0.541
 8477.5000 0.531
 8505.0000 0.609
 8505.5000 0.607
 8533.5000 0.567
 8535.0000 0.594
 8560.5000 0.548
 8566.0000 0.570
 8589.5000 0.567
 8596.0000 0.751
 8623.5000 0.773
 8627.0000 0.890
 8652.5000 0.680
 8658.0000 0.614
 8686.5000 0.415
 8688.0000 0.441
 8715.5000 0.333
 8719.0000 0.381
 8743.5000 0.354
 8749.0000 0.414
 8778.5000 0.266
 8780.0000 0.642
 8811.0000 0.475
 8813.5000 0.447
 8839.0000 0.541
 8841.5000 0.378
 8868.5000 0.548
 8870.0000 0.609
 8900.0000 0.594
 8903.5000 0.680
 8931.0000 0.570
 8960.5000 0.654
 8961.0000 0.751
 8987.5000 0.895
 8992.0000 0.890
 9023.0000 0.614
 9023.5000 0.680
 9050.5000 0.486
 9053.0000 0.441
 9079.5000 0.340
 9084.0000 0.381
 9106.5000 0.486
 9114.0000 0.414
 9142.5000 0.340
 9145.0000 0.642
 9176.0000 0.475
 9183.5000 0.944
 9204.0000 0.541
 9212.5000 0.630
 9232.5000 2.125
 9235.0000 0.609
 9261.5000 1.308
 9265.0000 0.594
 9295.5000 1.133
 9296.0000 0.570
 9324.5000 0.944
 9326.0000 0.751
 9357.0000 0.890
 9358.5000 1.889
 9387.5000 1.062
 9388.0000 0.614
 9415.5000 0.810
 9418.0000 0.441
 9449.0000 0.381
 9450.5000 0.459
 9477.5000 0.486
 9479.0000 0.414
 9510.0000 0.642
 9512.5000 0.378
 9541.0000 0.475
 9541.5000 0.425
 9568.5000 0.895
 9569.0000 0.541
 9597.5000 0.680
 9600.0000 0.609
 9625.5000 0.436
 9630.0000 0.594
 9659.5000 0.378
 9661.0000 0.570
 9688.5000 1.133
 9691.0000 0.751
 9716.5000 2.125
 9722.0000 0.890
 9750.5000 0.944
 9753.0000 0.614
 9778.5000 0.459
 9783.0000 0.441
 9807.5000 0.425
 9814.0000 0.381
 9842.5000 0.773
 9844.0000 0.414
 9875.0000 0.642
 9883.5000 0.486
 9906.0000 0.475
 9912.5000 0.500
 9935.0000 0.541
 9940.5000 0.630
 9966.0000 0.609
 9968.5000 1.133
 9996.0000 0.594
10002.5000 1.133
10023.5000 0.309
10027.0000 0.570
10052.5000 0.630
10057.0000 0.751
10080.5000 1.308
10088.0000 0.890
10115.5000 0.810
10119.0000 0.614
10149.0000 0.441
10149.5000 0.630
10180.0000 0.381
10205.5000 0.425
10210.0000 0.414
10241.0000 0.642
10248.5000 2.429
10272.0000 0.475
10280.5000 0.515
10300.0000 0.541
10304.5000 0.531
10324.5000 0.459
10331.0000 0.609
10359.5000 0.944
10361.0000 0.594
10392.0000 0.570
10395.5000 0.680
10422.0000 0.751
10429.5000 0.850
10453.0000 0.890
10457.5000 0.739
10484.0000 0.614
10513.5000 0.362
10514.0000 0.441
10542.5000 0.340
10545.0000 0.381
10569.5000 0.266
10575.0000 0.414
10605.5000 0.531
10606.0000 0.642
10637.0000 0.475
10646.5000 0.486
10665.0000 0.541
10668.5000 0.354
10695.5000 0.500
10696.0000 0.609
10726.0000 0.594
10730.5000 0.567
10757.0000 0.570
10759.5000 0.515
10786.5000 0.486
10787.0000 0.751
10818.0000 0.890
10821.5000 0.567
10849.0000 0.614
10850.5000 0.567
10879.0000 0.441
10884.5000 0.586
10910.0000 0.381
10913.5000 0.447
10940.0000 0.414
10940.5000 0.654
10969.5000 0.354
10971.0000 0.642
11002.0000 0.475
11003.5000 0.486
11030.0000 0.541
11032.5000 0.654
11061.0000 0.609
11066.5000 0.548
11091.0000 0.594
11094.5000 0.567
11122.0000 0.570
11124.5000 0.850
11150.5000 0.708
11152.0000 0.751
11183.0000 0.890
11190.5000 0.515
11214.0000 0.614
11214.5000 0.607
11240.5000 0.340
11244.0000 0.441
11275.0000 0.381
11277.5000 0.200
11305.0000 0.414
11309.5000 0.515
11336.0000 0.642
11341.5000 0.486
11367.0000 0.475
11382.5000 0.378
11395.5000 0.262
11396.0000 0.541
11424.5000 0.405
11427.0000 0.609
11452.5000 0.567
11457.0000 0.594
11487.5000 0.362
11488.0000 0.570
11514.5000 0.810
11518.0000 0.751
11549.0000 0.890
11550.5000 0.708
11578.5000 0.630
11580.0000 0.614
11610.0000 0.441
11612.5000 0.405
11641.0000 0.381
11641.5000 0.708
11668.5000 0.447
11671.0000 0.414
11702.0000 0.642
11710.5000 0.340
11733.0000 0.475
11738.5000 0.531
11761.0000 0.541
11766.5000 0.486
11792.0000 0.609
11794.5000 0.531
11822.0000 0.594
11822.5000 0.680
11851.5000 0.309
11853.0000 0.570
11883.0000 0.751
11885.5000 0.944
11914.0000 0.890
11920.5000 0.405
11945.0000 0.614
11949.5000 0.362
11975.0000 0.441
11977.5000 0.395
12006.0000 0.381
12012.5000 0.654
12032.5000 0.362
12036.0000 0.414
12067.0000 0.642
12075.5000 0.567
12098.0000 0.475
12103.5000 0.515
12123.5000 0.515
12126.0000 0.541
12157.0000 0.609
12158.5000 0.567
12186.5000 0.630
12187.0000 0.594
12218.0000 0.570
12221.5000 0.773
12248.0000 0.751
12249.5000 0.944
12279.0000 0.890
12284.5000 0.607
12310.0000 0.614
12313.5000 0.630
12340.0000 0.441
12341.5000 0.386
12368.5000 0.298
12371.0000 0.381
12396.5000 0.395
12401.0000 0.414
12431.5000 0.405
12432.0000 0.642
12460.5000 0.425
12463.0000 0.475
12487.5000 0.548
12491.0000 0.541
12516.5000 0.425
12522.0000 0.609
12552.0000 0.594
12557.5000 0.354
12583.0000 0.570
12586.5000 0.708
12613.0000 0.751
12613.5000 0.531
12641.5000 1.133
12644.0000 0.890
12670.5000 0.500
12675.0000 0.614
12705.0000 0.441
12705.5000 0.405
12736.0000 0.381
12739.5000 0.243
12766.0000 0.414
12767.5000 0.283
12797.0000 0.642
12800.5000 0.680
12828.0000 0.475
12830.5000 0.567
12857.0000 0.541
12858.5000 0.567
12886.5000 0.531
12888.0000 0.609
12914.5000 0.531
12918.0000 0.594
12943.5000 0.500
12949.0000 0.570
12970.5000 0.680
12979.0000 0.751
13005.5000 1.214
13010.0000 0.890
13034.5000 0.378
13041.0000 0.614
13069.5000 0.486
13071.0000 0.441
13096.5000 0.680
13102.0000 0.381
13131.5000 0.315
13132.0000 0.414
13163.0000 0.642
13168.5000 0.459
13194.0000 0.475
13195.5000 0.283
13222.0000 0.541
13222.5000 0.486
13250.5000 0.630
13253.0000 0.609
13283.0000 0.594
13286.5000 0.739
13313.5000 0.654
13314.0000 0.570
13342.5000 0.459
13344.0000 0.751
13375.0000 0.890
13376.5000 0.680
13406.0000 0.614
13417.5000 0.354
13433.5000 0.378
13436.0000 0.441
13460.5000 0.425
13467.0000 0.381
13495.5000 0.459
13497.0000 0.414
13528.0000 0.642
13537.5000 4.250
13552.5000 0.531
13559.0000 0.475
13586.5000 0.304
13587.0000 0.541
13614.5000 0.630
13618.0000 0.609
13648.0000 0.594
13649.5000 0.258
13677.5000 0.567
13679.0000 0.570
13705.5000 0.810
13709.0000 0.751
13740.0000 0.890
13741.5000 0.567
13769.5000 0.515
13771.0000 0.614
13797.5000 0.315
13801.0000 0.441
13824.5000 0.243
13832.0000 0.381
13859.5000 0.340
13862.0000 0.414
13893.0000 0.642
13894.5000 0.362
13923.5000 0.274
13924.0000 0.475
13952.0000 0.541
13957.5000 0.340
13979.5000 0.340
13983.0000 0.609
14013.0000 0.594
14014.5000 0.386
14044.0000 0.570
14048.5000 0.567
14074.0000 0.751
14076.5000 0.447
14104.5000 0.309
14105.0000 0.890
14133.5000 0.425
14136.0000 0.614
14161.5000 0.340
14166.0000 0.441
14195.5000 0.395
14197.0000 0.381
14223.5000 0.447
14227.0000 0.414
14258.0000 0.642
14258.5000 0.293
14286.5000 0.567
14289.0000 0.475
14318.0000 0.541
14343.5000 0.425
14349.0000 0.609
14377.5000 0.293
14379.0000 0.594
14410.0000 0.570
14411.5000 0.486
14440.0000 0.751
14440.5000 0.486
14468.5000 0.630
14471.0000 0.890
14497.5000 0.378
14502.0000 0.614
14532.0000 0.441
14532.5000 0.354
14559.5000 0.258
14563.0000 0.381
14587.5000 0.333
14593.0000 0.414
14622.5000 0.340
14624.0000 0.642
14655.0000 0.475
14657.5000 0.425
14678.5000 0.395
14683.0000 0.541
14714.0000 0.609
14714.5000 0.378
14741.5000 0.239
14744.0000 0.594
14775.0000 0.570
14776.5000 0.486
14804.5000 0.708
14805.0000 0.751
14832.5000 1.133
14836.0000 0.890
14861.5000 0.680
14867.0000 0.614
14889.5000 0.607
14897.0000 0.441
14921.5000 0.262
14928.0000 0.381
14958.0000 0.414
14958.5000 0.340
14984.5000 0.425
14989.0000 0.642
15020.0000 0.475
15029.5000 0.378
15048.0000 0.541
15078.5000 0.378
15079.0000 0.609
15105.5000 0.321
15109.0000 0.594
15140.0000 0.570
15140.5000 0.486
15168.5000 1.000
15170.0000 0.751
15196.5000 0.680
15201.0000 0.890
15232.0000 0.614
15232.5000 0.405
15260.5000 0.283
15262.0000 0.441
15287.5000 0.227
15293.0000 0.381
15322.5000 0.189
15323.0000 0.414
15354.0000 0.642
15357.5000 0.486
15379.5000 0.283
15385.0000 0.475
15406.5000 0.378
15413.0000 0.541
15435.5000 0.378
15444.0000 0.609
15469.5000 0.425
15474.0000 0.594
15504.5000 0.567
15505.0000 0.570
15532.5000 0.850
15535.0000 0.751
15566.0000 0.890
15567.5000 0.756
15596.5000 0.850
15597.0000 0.614
15624.5000 0.243
15627.0000 0.441
15656.5000 0.425
15658.0000 0.381
15658.5000 0.425
15688.0000 0.414
15714.5000 0.405
15719.0000 0.642
15750.0000 0.475
15750.5000 0.340
15777.5000 0.425
15779.0000 0.541
15805.5000 0.486
15810.0000 0.609
15840.0000 0.594
15840.5000 0.415
15868.5000 0.425
15871.0000 0.570
15896.5000 0.567
15901.0000 0.751
15931.5000 1.417
15932.0000 0.890
15960.5000 0.850
15963.0000 0.614
15988.5000 0.309
15993.0000 0.441
16022.5000 0.236
16024.0000 0.381
16050.5000 0.486
16054.0000 0.414
16085.0000 0.642
16085.5000 0.567
16116.0000 0.475
16116.5000 0.340
16141.5000 0.486
16144.0000 0.541
16170.5000 0.486
16175.0000 0.609
16204.5000 0.227
16205.0000 0.594
16232.5000 0.618
16236.0000 0.570
16260.5000 0.378
16266.0000 0.751
16295.5000 1.000
16297.0000 0.890
16328.0000 0.614
16358.0000 0.441
16389.0000 0.381
16419.0000 0.414
16450.0000 0.642
16481.0000 0.475
16494.0000 0.475
